0 0.69609375 0.390625 0.184375 0.28125
0 0.746875 0.76640625 0.278125 0.184375
0 0.340625 0.1 0.31640625 0.165625
0 0.44453125 0.79453125 0.334375 0.20234375
0 0.82734375 0.44453125 0.18359375 0.3078125
0 0.89921875 0.615625 0.2 0.23046875
0 0.93828125 0.353125 0.1046875 0.1921875
0 0.39375 0.4078125 0.2328125 0.23359375
0 0.3 0.49765625 0.3375 0.17265625
0 0.34453125 0.9109375 0.22578125 0.16484375
0 0.096875 0.159375 0.1875 0.2859375
0 0.6734375 0.1390625 0.31953125 0.1765625
0 0.4328125 0.2484375 0.334375 0.13125
0 0.475 0.64375 0.3421875 0.128125