0 0.30390625 0.390625 0.184375 0.28125
0 0.253125 0.76640625 0.278125 0.184375
0 0.659375 0.1 0.31640625 0.165625
0 0.55546875 0.79453125 0.334375 0.20234375
0 0.17265625 0.44453125 0.18359375 0.3078125
0 0.10078125 0.615625 0.2 0.23046875
0 0.06171875 0.353125 0.1046875 0.1921875
0 0.60625 0.4078125 0.2328125 0.23359375
0 0.7 0.49765625 0.3375 0.17265625
0 0.65546875 0.9109375 0.22578125 0.16484375
0 0.903125 0.159375 0.1875 0.2859375
0 0.3265625 0.1390625 0.31953125 0.1765625
0 0.5671875 0.2484375 0.334375 0.13125
0 0.525 0.64375 0.3421875 0.128125